<?xml version="1.0"?>
<opencv_storage>
<calibration_time>"Mon Nov 18 16:40:13 2024"</calibration_time>
<nr_of_frames>15</nr_of_frames>
<image_width>640</image_width>
<image_height>480</image_height>
<board_width>9</board_width>
<board_height>6</board_height>
<square_size>50.</square_size>
<marker_size>25.</marker_size>
<fix_aspect_ratio>1.</fix_aspect_ratio>
<!-- flags: +fix_aspectRatio +fix_principal_point +zero_tangent_dist +fix_k4 +fix_k5 -->
<flags>6158</flags>
<fisheye_model>0</fisheye_model>
<camera_matrix type_id="opencv-matrix">
  <rows>3</rows>
  <cols>3</cols>
  <dt>d</dt>
  <data>
    794.10906608065477 0. 319.5 0. 794.10906608065477 239.5 0. 0. 1.</data></camera_matrix>
<distortion_coefficients type_id="opencv-matrix">
  <rows>5</rows>
  <cols>1</cols>
  <dt>d</dt>
  <data>
    0.01797494388031963 0.55299678668506114 0. 0. -1.7042598680438419</data></distortion_coefficients>
<avg_reprojection_error>0.14662687748072062</avg_reprojection_error>
<per_view_reprojection_errors type_id="opencv-matrix">
  <rows>15</rows>
  <cols>1</cols>
  <dt>f</dt>
  <data>
    0.166716322 0.169282839 0.122219212 0.148074448 0.145225376
    0.0959067568 0.171685532 0.17600292 0.142417312 0.174060956
    0.111353293 0.170923918 0.117481887 0.089438729 0.156332433</data></per_view_reprojection_errors>
<!-- a set of 6-tuples (rotation vector + translation vector) for each view -->
<extrinsic_parameters type_id="opencv-matrix">
  <rows>15</rows>
  <cols>6</cols>
  <dt>d</dt>
  <data>
    0.081031414887845724 -0.47576216927529102 -0.013490255224867161
    159.40008106444355 41.250087551141789 1755.375070386797
    -0.018695975993243186 0.032346573708580295 0.025158858601083977
    35.913189397330079 -267.97486946930326 1715.8862223274673
    -0.032972038916732727 0.044776150203966879 0.035282830770147502
    56.43840192406968 -352.74774293702967 1691.3831573585976
    -0.032956412041733871 -0.4933407866738076 -0.0024978458759645737
    -202.45373615399686 -267.03069578022661 1739.4409393969449
    0.012448245310036092 -0.64088133015258542 0.0026376458893534846
    -404.36426729143363 -252.31709045547169 1801.5323203133005
    -0.069836579370698676 -0.046369618210845523 0.046840388717031584
    -409.94861775469565 -383.69051977919759 1785.0603601568309
    0.060097750623215797 -0.454743580583715 -0.0039150250475612257
    159.79521216372379 -46.518258388469754 1737.7480051768687
    -0.060451662918113408 -0.49451142471549858 -0.012974917845403349
    138.91165150159301 -268.94091066437886 1742.9885187190391
    0.0012146914079007251 -0.50499052256634247 0.0033693695223383823
    -197.97172119977773 -86.958123705820071 1745.2791791131908
    -0.0070541569640292555 -0.487380938963977 0.067009559062428559
    124.75763025345927 -269.85349967755081 1676.0713790322479
    0.061227274113910511 0.026504145933966505 0.033067650879981141
    94.971874334977869 34.234455642422887 1743.4560976979374
    -0.046823778967849651 -0.515361770164243 0.0096660633834702407
    98.459100918500496 -330.2013643882762 1744.8885195365283
    -0.030558585020053708 -0.44935305945292908 0.002284780463436093
    -422.6790615204539 -291.55644979383328 1718.5331104083446
    -0.062309060069305588 -0.011943969945475247 0.047782000646118344
    -147.49754172305177 -345.03062557372601 1703.2706122212792
    0.019267257504796461 -0.6990320552038114 -0.015854408444486056
    -402.3662858954973 -173.24756412702334 1808.9836302676501</data></extrinsic_parameters>
<image_points type_id="opencv-matrix">
  <rows>15</rows>
  <cols>54</cols>
  <dt>"2f"</dt>
  <data>
    391.632172 258.151703 410.49408 257.174652 428.78302 256.328278
    446.817657 255.377533 464.794708 254.494919 482.18042 253.669876
    498.655487 252.789795 515.276978 251.917587 531.204102 251.282623
    391.283112 280.536041 410.196472 279.389954 428.610443 278.237549
    446.648346 277.158508 464.429626 275.933197 481.606781 274.763
    498.408722 273.756775 514.749023 272.660278 530.719971 271.661499
    390.794403 302.835022 409.714874 301.411743 428.21637 299.913513
    446.124969 298.548706 463.644104 297.172485 480.705048 295.8172
    497.490234 294.525482 513.801208 293.271484 529.734924 291.875763
    390.790253 325.388794 409.689606 323.456238 428.155182 321.774353
    445.868866 320.091278 463.516357 318.485504 480.604218 316.829987
    497.402588 315.355835 513.710815 313.766876 529.661682 312.280212
    390.588898 347.462433 409.566406 345.421326 427.670197 343.426392
    445.60199 341.474762 463.28299 339.567932 480.242493 337.660004
    496.750183 335.890015 513.147156 334.178192 529.150513 332.44632
    390.212463 369.489594 408.888672 367.170807 427.291412 364.870758
    445.090607 362.671875 462.563904 360.546112 479.621826 358.491028
    496.367218 356.505981 512.590393 354.55542 528.642029 352.581116
    335.901123 115.325409 359.299011 115.771637 382.517944 116.430061
    405.818939 116.830177 429.405579 117.151184 452.739075 117.550323
    476.452423 118.0709 499.954681 118.391907 523.549316 118.654121
    335.436523 138.531281 358.62326 139.053848 381.856598 139.487137
    405.345856 139.908813 428.613129 140.465027 452.348846 140.875809
    475.594757 141.351883 499.451141 141.636185 523.141357 142.200562
    334.62561 161.670731 358.069733 162.292007 381.299805 162.662003
    404.604858 163.256348 428.179352 163.614288 451.470917 164.15004
    475.063019 164.573578 498.533447 165.199783 522.387878 165.539368
    334.323517 184.714752 357.529022 185.330414 380.695587 185.745834
    404.203461 186.404877 427.47995 186.850296 451.079742 187.373306
    474.475281 187.804779 498.278107 188.325073 521.734497 188.661301
    333.536163 208.003265 356.997375 208.449112 380.31076 208.851685
    403.582367 209.474945 427.114166 209.961075 450.426514 210.539352
    473.897675 211.151215 497.444794 211.574234 521.237305 212.130798
    333.220551 231.208557 356.447876 231.629547 379.635345 232.284348
    403.027649 232.739395 426.43399 233.313034 449.876862 233.750305
    473.346741 234.362122 497.002258 234.791901 520.582825 235.408508
    346.042664 73.4622345 369.533051 74.222374 393.278229 74.7994995
    416.889404 75.3568115 440.781952 75.6275177 464.690826 76.3142166
    488.723846 76.5917969 512.918213 77.1402054 537.337585 77.4894791
    345.269958 97.1029739 368.62912 97.562767 392.345612 98.2974777
    416.174164 98.7323837 439.880066 99.4143524 463.848877 99.7620926
    488.008606 100.489655 512.252563 100.789543 536.46759 101.437721
    344.411926 120.44088 367.884613 121.220856 391.473755 121.710945
    415.330994 122.424744 439.124023 123.171204 462.884613 123.52977
    487.068176 124.345055 511.252197 124.655197 535.53125 125.395157
    343.51532 143.852264 367.252563 144.511353 390.663452 145.348694
    414.485199 145.990723 438.383942 146.49321 462.332794 147.35083
    486.448029 147.690964 510.5495 148.509415 534.798523 149.117691
    342.621185 167.378357 366.420868 168.135773 389.988647 168.661469
    413.645294 169.475128 437.586304 170.326279 461.562622 170.769577
    485.558136 171.558228 509.737701 172.391251 534.010498 172.832138
    341.868683 190.765823 365.568115 191.537186 389.325012 192.451477
    412.964081 193.304367 436.807556 193.805298 460.742676 194.488495
    484.692596 195.388 509.045166 196.187225 533.399292 196.696213
    227.074661 117.352943 248.088165 119.319786 268.523163 121.036156
    288.471161 122.69883 308.191467 124.281525 327.288452 125.799126
    345.650269 127.395668 363.640015 128.942123 381.286957 130.361328
    227.129089 140.296753 248.292877 141.689621 268.698303 143.176071
    288.770477 144.519012 308.423889 145.824036 327.462097 147.163895
    345.773712 148.483429 364.119049 149.658401 381.554749 150.847229
    227.316528 163.051529 248.410568 164.279617 268.744019 165.373856
    288.723236 166.489059 308.367828 167.527161 327.393555 168.544418
    345.742706 169.549088 363.925232 170.57196 381.494629 171.491287
